2016 01 01 18 43
2016 01 02 02 34
2016 01 02 13 15
2016 01 03 06 36
2016 01 03 15 20
2016 01 03 21 12
2016 01 06 09 19
2016 01 06 16 17
2016 01 06 22 57
2016 01 07 18 53
2016 01 09 08 53
2016 01 10 06 26
2016 01 11 13 02
2016 01 12 18 52
2016 01 13 14 25
2016 01 13 18 22
2016 01 14 02 01
2016 01 14 11 33
2016 01 14 16 03
2016 01 15 19 44
2016 01 17 08 16
2016 01 17 10 05
2016 01 18 06 59
2016 01 18 07 30
2016 01 18 22 34
2016 01 19 03 49
2016 01 19 22 02
2016 01 20 23 57
2016 01 23 11 07
2016 01 24 11 27
2016 01 24 17 36
2016 01 25 13 08
2016 01 25 22 27
2016 01 26 00 01
2016 01 27 12 00
2016 01 27 12 10
2016 01 28 15 03
2016 01 28 17 38
2016 02 02 00 44
2016 02 02 10 23
2016 02 04 12 10
2016 02 06 00 51
2016 02 06 09 45
2016 02 06 11 57
2016 02 06 16 46
2016 02 07 02 14
2016 02 07 08 50
2016 02 07 15 23
2016 02 07 21 04
2016 02 07 22 42
2016 02 08 04 40
2016 02 08 15 07
2016 02 08 15 28
2016 02 09 14 16
2016 02 11 22 21
2016 02 12 01 45
2016 02 13 00 25
2016 02 13 09 19
2016 02 13 10 25
2016 02 14 18 59
2016 02 14 22 58
2016 02 15 22 11
2016 02 15 22 56
2016 02 16 09 25
2016 02 16 20 46
2016 02 17 14 37
2016 02 18 15 59
2016 02 18 20 34
2016 02 19 04 55
2016 02 19 14 39
2016 02 19 17 15
2016 02 20 05 07
2016 02 20 14 24
2016 02 20 16 51
2016 02 21 11 01
2016 02 21 14 24
2016 02 21 17 16
2016 02 23 23 47
2016 02 24 07 19
2016 02 24 10 12
2016 02 24 12 24
2016 02 25 06 14
2016 02 25 19 37
2016 02 25 22 54
2016 02 26 14 06
2016 02 27 15 15
2016 02 28 11 30
2016 02 28 14 11
2016 02 28 15 11
2016 02 28 20 26
2016 03 01 15 59
2016 03 01 22 40
2016 03 02 02 57
2016 03 02 05 57
2016 03 02 18 05
2016 03 02 19 42
2016 03 02 22 13
2016 03 02 23 27
2016 03 03 14 06
2016 03 04 19 07
2016 03 05 09 36
2016 03 05 10 08
2016 03 05 23 56
2016 03 06 20 25
2016 03 07 14 38
2016 03 08 15 57
2016 03 09 08 58
2016 03 09 18 56
2016 03 09 23 03
2016 03 10 06 20
2016 03 10 15 27
2016 03 12 00 17
2016 03 13 02 28
2016 03 13 19 26
2016 03 14 05 57
2016 03 14 05 58
2016 03 17 08 43
2016 03 17 15 00
2016 03 19 04 54
2016 03 19 21 58
2016 03 19 23 01
2016 03 20 14 32
2016 03 21 10 54
2016 03 21 11 04
2016 03 21 17 58
2016 03 23 07 19
2016 03 24 01 42
2016 03 24 03 17
2016 03 24 07 43
2016 03 24 11 07
2016 03 25 11 05
2016 03 25 11 50
2016 03 26 04 18
2016 03 26 05 58
2016 03 26 12 40
2016 03 27 07 35
2016 03 27 18 15
2016 04 02 12 53
2016 04 02 19 22
2016 04 04 12 56
2016 04 04 23 55
2016 04 05 10 32
2016 04 06 17 03
2016 04 07 14 05
2016 04 08 10 39
2016 04 10 05 42
2016 04 10 20 09
2016 04 12 09 29
2016 04 12 16 19
2016 04 12 18 05
2016 04 13 22 41
2016 04 14 00 29
2016 04 14 05 36
2016 04 14 05 46
2016 04 14 10 05
2016 04 14 10 26
2016 04 14 19 39
2016 04 16 18 27
2016 04 17 16 13
2016 04 18 11 47
2016 04 19 02 48
2016 04 19 12 06
2016 04 21 19 40
2016 04 21 21 52
2016 04 21 22 19
2016 04 21 23 35
2016 04 22 08 51
2016 04 22 11 38
2016 04 22 18 21
2016 04 23 02 02
2016 04 23 21 47
2016 04 23 23 33
2016 04 25 22 25
2016 04 26 21 25
2016 04 26 22 17
2016 04 27 15 28
2016 05 01 05 44
2016 05 03 03 44
2016 05 03 23 43
2016 05 04 23 44
2016 05 05 17 50
2016 05 06 14 00
2016 05 06 21 31
2016 05 07 04 08
2016 05 07 09 55
2016 05 07 11 15
2016 05 09 03 56
2016 05 09 13 11
2016 05 09 21 49
2016 05 10 21 36
2016 05 13 01 48
2016 05 13 05 17
2016 05 13 05 34
2016 05 13 11 17
2016 05 13 12 50
2016 05 15 13 13
2016 05 16 10 49
2016 05 16 22 05
2016 05 17 08 56
2016 05 17 14 48
2016 05 17 15 45
2016 05 17 17 24
2016 05 19 18 05
2016 05 19 19 28
2016 05 20 14 11
2016 05 21 12 41
2016 05 23 01 21
2016 05 23 03 05
2016 05 24 07 13
2016 05 25 00 59
2016 05 25 04 06
2016 05 25 15 30
2016 05 25 15 44
2016 05 25 22 02
2016 05 26 21 02
2016 05 27 04 03
2016 05 27 04 27
2016 05 27 07 22
2016 05 28 04 59
2016 05 28 07 45
2016 06 01 19 14
2016 06 02 05 37
2016 06 04 02 47
2016 06 04 13 13
2016 06 05 09 04
2016 06 07 13 44
2016 06 08 05 24
2016 06 08 23 13
2016 06 10 13 29
2016 06 10 15 09
2016 06 11 08 26
2016 06 12 14 53
2016 06 12 20 54
2016 06 13 12 20
2016 06 13 21 42
2016 06 15 21 40
2016 06 16 01 20
2016 06 16 07 03
2016 06 16 10 38
2016 06 16 16 29
2016 06 16 22 07
2016 06 17 07 58
2016 06 17 12 38
2016 06 17 22 13
2016 06 19 04 07
2016 06 19 09 48
2016 06 19 16 04
2016 06 20 05 35
2016 06 20 22 15
2016 06 23 13 20
2016 06 23 15 43
2016 06 24 04 38
2016 06 24 08 11
2016 06 25 19 12
2016 06 25 20 10
2016 06 25 22 28
2016 06 26 10 12
2016 06 27 02 05
2016 06 27 03 55
2016 06 27 13 26
2016 06 28 00 01
2016 07 02 02 48
2016 07 02 03 27
2016 07 02 04 12
2016 07 02 23 30
2016 07 04 00 36
2016 07 04 12 46
2016 07 04 15 34
2016 07 06 20 36
2016 07 07 04 41
2016 07 08 07 53
2016 07 08 12 17
2016 07 10 07 28
2016 07 10 12 12
2016 07 10 12 25
2016 07 11 02 47
2016 07 11 22 10
2016 07 13 00 32
2016 07 13 09 31
2016 07 14 02 37
2016 07 15 10 58
2016 07 16 17 24
2016 07 17 10 06
2016 07 17 10 26
2016 07 18 14 02
2016 07 18 21 27
2016 07 19 11 09
2016 07 20 02 26
2016 07 20 07 51
2016 07 21 03 34
2016 07 22 06 55
2016 07 25 01 47
2016 07 27 00 44
2016 07 27 16 06
2016 08 02 05 19
2016 08 03 18 13
2016 08 03 21 23
2016 08 05 09 20
2016 08 06 04 34
2016 08 06 21 07
2016 08 07 13 38
2016 08 08 09 29
2016 08 08 22 23
2016 08 10 01 24
2016 08 10 07 22
2016 08 10 12 00
2016 08 11 07 56
2016 08 13 09 49
2016 08 15 00 17
2016 08 15 14 06
2016 08 16 00 08
2016 08 16 16 12
2016 08 17 07 20
2016 08 17 17 28
2016 08 17 18 09
2016 08 17 23 36
2016 08 18 11 04
2016 08 18 20 08
2016 08 19 23 01
2016 08 20 00 53
2016 08 20 04 02
2016 08 21 17 20
2016 08 22 01 49
2016 08 22 12 54
2016 08 23 11 17
2016 08 24 00 21
2016 08 24 10 31
2016 08 24 21 43
2016 08 24 23 43
2016 08 25 03 01
2016 08 25 13 59
2016 08 26 16 46
2016 08 27 04 14
2016 09 01 02 55
2016 09 01 08 14
2016 09 01 11 23
2016 09 01 15 11
2016 09 01 18 43
2016 09 02 03 27
2016 09 02 03 51
2016 09 02 04 36
2016 09 02 04 57
2016 09 02 21 57
2016 09 04 06 50
2016 09 05 09 10
2016 09 05 12 14
2016 09 05 21 59
2016 09 07 14 40
2016 09 08 04 43
2016 09 08 21 02
2016 09 09 09 45
2016 09 09 15 48
2016 09 09 21 46
2016 09 09 22 49
2016 09 10 03 14
2016 09 10 14 00
2016 09 10 17 21
2016 09 12 09 51
2016 09 13 03 25
2016 09 13 12 51
2016 09 13 15 28
2016 09 13 20 24
2016 09 14 09 50
2016 09 14 22 37
2016 09 16 16 19
2016 09 16 17 44
2016 09 18 06 00
2016 09 18 21 50
2016 09 19 08 46
2016 09 20 22 21
2016 09 24 00 33
2016 09 25 01 34
2016 09 25 17 37
2016 09 26 12 06
2016 09 26 13 41
2016 09 27 01 42
2016 09 27 08 54
2016 09 28 08 28
2016 10 05 02 57
2016 10 05 05 08
2016 10 05 15 17
2016 10 05 20 43
2016 10 06 16 11
2016 10 08 08 47
2016 10 09 18 38
2016 10 09 20 33
2016 10 11 02 48
2016 10 12 01 11
2016 10 12 14 25
2016 10 13 03 51
2016 10 13 09 17
2016 10 13 17 46
2016 10 14 13 09
2016 10 14 17 08
2016 10 14 20 38
2016 10 14 22 59
2016 10 15 13 25
2016 10 15 14 08
2016 10 16 02 04
2016 10 16 15 54
2016 10 16 22 28
2016 10 17 04 43
2016 10 18 23 05
2016 10 19 23 56
2016 10 20 21 23
2016 10 22 03 33
2016 10 23 09 01
2016 10 23 09 09
2016 10 24 07 42
2016 10 25 19 31
2016 10 26 14 20
2016 10 27 03 42
2016 10 27 09 20
2016 10 28 05 19
2016 10 28 11 30
2016 10 28 21 32
2016 10 28 22 42
2016 11 01 09 53
2016 11 01 13 16
2016 11 01 18 18
2016 11 01 20 55
2016 11 02 05 01
2016 11 02 10 40
2016 11 03 04 04
2016 11 03 21 33
2016 11 04 04 06
2016 11 04 14 27
2016 11 05 02 04
2016 11 05 14 41
2016 11 06 16 56
2016 11 06 19 24
2016 11 06 19 25
2016 11 09 02 15
2016 11 09 21 58
2016 11 10 05 07
2016 11 10 16 21
2016 11 11 15 51
2016 11 12 23 00
2016 11 14 20 31
2016 11 14 21 09
2016 11 15 04 36
2016 11 15 22 10
2016 11 16 07 43
2016 11 16 08 12
2016 11 16 14 51
2016 11 16 15 00
2016 11 16 18 03
2016 11 16 20 39
2016 11 17 14 53
2016 11 17 15 26
2016 11 17 18 12
2016 11 17 22 01
2016 11 17 22 24
2016 11 17 22 57
2016 11 20 07 04
2016 11 20 08 03
2016 11 20 17 34
2016 11 20 23 02
2016 11 22 16 11
2016 11 22 20 41
2016 11 23 14 36
2016 11 24 08 38
2016 11 24 10 13
2016 11 24 10 59
2016 11 24 14 04
2016 11 24 15 36
2016 11 24 19 39
2016 11 24 21 27
2016 11 24 22 53
2016 11 28 10 15
2016 11 28 20 37
2016 12 02 07 13
2016 12 03 13 45
2016 12 06 23 54
2016 12 07 13 13
2016 12 08 00 57
2016 12 10 09 14
2016 12 10 15 49
2016 12 11 01 09
2016 12 11 08 48
2016 12 13 20 03
2016 12 14 09 56
2016 12 17 12 42
2016 12 17 17 38
2016 12 17 19 11
2016 12 17 19 40
2016 12 18 02 18
2016 12 18 03 42
2016 12 19 08 12
2016 12 20 10 19
2016 12 21 18 41
2016 12 21 22 07
2016 12 22 01 17
2016 12 22 06 32
2016 12 23 01 55
2016 12 23 11 42
2016 12 25 07 44
2016 12 26 22 52
2016 12 27 20 54
2016 12 28 22 26
